   1.2514908e+02   1.2841332e+03   2.0066157e+02   1.2727293e+02   0.0000000e+00
   1.4056525e+02   1.6193375e+03   2.1016953e+02   3.9429828e+02   0.0000000e+00
   1.5981880e+02   1.9794033e+03   2.1982031e+02   9.2016406e+02   0.0000000e+00
   1.5758078e+02   1.0250323e+02   2.1972026e+02   6.5775551e+02   0.0000000e+00
   1.6711538e+02   4.1827538e+02   2.2769556e+02   1.1807089e+03   1.2000000e+01
   1.6774924e+02   2.3221360e+03   2.3264978e+02   1.4349890e+03   1.2000000e+01
   1.7528761e+02   1.0435015e+03   2.3390000e+02   2.2037390e+03   1.2000000e+01
   1.7514715e+02   7.3060324e+02   2.3759945e+02   1.9424613e+03   1.2000000e+01
   1.8803106e+02   2.6827314e+03   2.3933256e+02   2.4710023e+03   1.2000000e+01
   2.0312018e+02   3.0338783e+03   2.4332564e+02   1.6970231e+03   1.2000000e+01
   2.2909578e+02   3.3999887e+03   2.4786449e+02   2.7133458e+03   1.2000000e+01
   4.7881754e+02   1.7147018e+02   4.5740187e+02   1.3045327e+02   0.0000000e+00
   4.9412074e+02   1.3051944e+03   4.7166379e+02   3.8861207e+02   0.0000000e+00
   4.9530349e+02   4.6778843e+02   4.7979817e+02   6.5333028e+02   0.0000000e+00
   5.0129099e+02   7.6912162e+02   4.8051843e+02   9.1992396e+02   0.0000000e+00
   5.0048258e+02   1.0757352e+03   4.8452752e+02   1.1701697e+03   1.2000000e+01
   5.1654348e+02   1.6405870e+03   4.9229439e+02   1.4260561e+03   1.2000000e+01
   5.2334769e+02   1.9682554e+03   4.9315385e+02   2.7072115e+03   1.2000000e+01
   5.3458333e+02   2.3102280e+03   4.9721429e+02   1.6910905e+03   1.2000000e+01
   5.4300633e+02   2.6488323e+03   5.0460938e+02   1.9400573e+03   1.2000000e+01
   5.6525112e+02   2.9863636e+03   5.1158805e+02   2.4639277e+03   1.2000000e+01
   5.8329019e+02   3.3338926e+03   5.1565942e+02   2.1950845e+03   1.2000000e+01
   7.9417712e+02   2.4065867e+02   7.2731068e+02   1.3120388e+02   0.0000000e+00
   8.0070446e+02   8.0945911e+02   7.3487209e+02   6.5061628e+02   0.0000000e+00
   8.0511130e+02   5.2050342e+02   7.3656996e+02   3.8541770e+02   0.0000000e+00
   8.1039643e+02   1.1030891e+03   7.4164056e+02   9.1492972e+02   0.0000000e+00
   8.3336130e+02   1.3144795e+03   7.4753719e+02   1.1680455e+03   1.2000000e+01
   8.5003292e+02   1.6316567e+03   7.5116094e+02   1.4296373e+03   1.2000000e+01
   8.5697164e+02   1.9591791e+03   7.5786810e+02   2.7054202e+03   1.2000000e+01
   8.6990301e+02   2.2902368e+03   7.6039302e+02   1.6923233e+03   1.2000000e+01
   8.9258591e+02   2.6025670e+03   7.7074020e+02   2.2011716e+03   1.2000000e+01
   9.0039739e+02   2.9399174e+03   7.6913158e+02   2.4603187e+03   1.2000000e+01
   9.2063118e+02   3.2660342e+03   7.7079412e+02   1.9496176e+03   1.2000000e+01
   1.0781686e+03   2.9573529e+02   9.8918599e+02   1.2461594e+02   0.0000000e+00
   1.0881450e+03   8.4622305e+02   9.9787264e+02   6.4588208e+02   0.0000000e+00
   1.0884597e+03   5.6790499e+02   1.0002062e+03   3.8151031e+02   0.0000000e+00
   1.0946345e+03   1.1194220e+03   1.0008981e+03   8.9930556e+02   0.0000000e+00
   1.1437408e+03   1.3245808e+03   1.0054732e+03   1.1641830e+03   1.2000000e+01
   1.1476192e+03   1.6366695e+03   1.0113019e+03   1.4198671e+03   1.2000000e+01
   1.1617936e+03   1.9442443e+03   1.0127882e+03   2.6967706e+03   1.2000000e+01
   1.1769644e+03   2.2645750e+03   1.0248245e+03   1.6956755e+03   1.2000000e+01
   1.1887450e+03   2.5707523e+03   1.0297579e+03   2.4532107e+03   1.2000000e+01
   1.2118183e+03   2.8853507e+03   1.0377759e+03   2.1945394e+03   1.2000000e+01
   1.2244290e+03   3.2001168e+03   1.0407667e+03   1.9455267e+03   1.2000000e+01
   1.3527025e+03   3.5691545e+02   1.2632081e+03   1.2522249e+02   0.0000000e+00
   1.3583669e+03   6.1105094e+02   1.2671029e+03   6.4027941e+02   0.0000000e+00
   1.3608679e+03   8.8102439e+02   1.2681634e+03   9.0434390e+02   0.0000000e+00
   1.3669098e+03   1.1561414e+03   1.2686503e+03   3.7548266e+02   0.0000000e+00
   1.4302344e+03   1.3413736e+03   1.2730494e+03   2.6821605e+03   1.2000000e+01
   1.4430206e+03   1.9419815e+03   1.2761154e+03   1.1666099e+03   1.2000000e+01
   1.4457213e+03   1.6478862e+03   1.2793610e+03   1.4262085e+03   1.2000000e+01
   1.4492500e+03   2.2400021e+03   1.2843768e+03   1.6892783e+03   1.2000000e+01
   1.4775186e+03   2.5335847e+03   1.2903724e+03   1.9353367e+03   1.2000000e+01
   1.4886171e+03   2.8440317e+03   1.2902317e+03   2.4453841e+03   1.2000000e+01
   1.5127186e+03   3.1463928e+03   1.2977840e+03   2.1777249e+03   1.2000000e+01
   1.5913191e+03   4.1409149e+02   1.5169946e+03   1.9295326e+03   0.0000000e+00
   1.5951335e+03   6.6046398e+02   1.5174600e+03   1.3214000e+02   0.0000000e+00
   1.6086957e+03   9.2312209e+02   1.5192833e+03   2.1760389e+03   0.0000000e+00
   1.6145140e+03   1.1851846e+03   1.5208263e+03   3.8312105e+02   0.0000000e+00
   1.6196153e+03   1.9546880e+03   1.5218295e+03   1.6766648e+03   0.0000000e+00
   1.6203101e+03   2.2139691e+03   1.5218049e+03   2.4387561e+03   0.0000000e+00
   1.6264700e+03   2.4722529e+03   1.5215455e+03   2.6818052e+03   0.0000000e+00
   1.6279792e+03   1.4490875e+03   1.5310238e+03   9.0598095e+02   0.0000000e+00
   1.6279715e+03   1.7127035e+03   1.5311872e+03   6.4489207e+02   0.0000000e+00
   1.6336230e+03   2.7512186e+03   1.5350556e+03   1.4355819e+03   0.0000000e+00
   1.6370087e+03   3.0114506e+03   1.5405248e+03   1.1685743e+03   0.0000000e+00
   1.8206704e+03   4.5923318e+02   1.7663427e+03   1.9276404e+03   0.0000000e+00
   1.8247426e+03   7.0573799e+02   1.7684321e+03   2.4369321e+03   0.0000000e+00
   1.8243265e+03   9.5618193e+02   1.7693250e+03   2.6851687e+03   0.0000000e+00
   1.8317177e+03   1.2070351e+03   1.7715625e+03   1.6782969e+03   0.0000000e+00
   1.8360601e+03   1.4672236e+03   1.7729635e+03   2.1769479e+03   0.0000000e+00
   1.8425692e+03   1.7193449e+03   1.7767935e+03   6.4863043e+02   0.0000000e+00
   1.8423866e+03   1.9557972e+03   1.7790271e+03   9.0409606e+02   0.0000000e+00
   1.8451782e+03   2.2031702e+03   1.7793267e+03   1.4327574e+03   0.0000000e+00
   1.8580804e+03   2.4549509e+03   1.7791131e+03   1.1707010e+03   0.0000000e+00
   1.8584744e+03   2.7216905e+03   1.7812312e+03   1.2472581e+02   0.0000000e+00
   1.8662756e+03   2.9788707e+03   1.7829971e+03   3.8651734e+02   0.0000000e+00
   2.0381457e+03   5.0446325e+02   2.0137557e+03   2.4399148e+03   0.0000000e+00
   2.0384542e+03   7.4628706e+02   2.0239643e+03   2.1759226e+03   0.0000000e+00
   2.0429891e+03   9.8961685e+02   2.0242113e+03   2.6887183e+03   0.0000000e+00
   2.0501970e+03   1.2278085e+03   2.0373486e+03   1.6625865e+03   0.0000000e+00
   2.0581890e+03   1.4749360e+03   2.0366099e+03   1.9265890e+03   0.0000000e+00
   2.0606628e+03   1.7180050e+03   2.0399309e+03   6.5078177e+02   0.0000000e+00
   2.0628392e+03   1.9423317e+03   2.0407791e+03   3.8920349e+02   0.0000000e+00
   2.0672636e+03   2.6976273e+03   2.0438226e+03   9.0279032e+02   0.0000000e+00
   2.0697248e+03   2.4376034e+03   2.0455699e+03   1.4248226e+03   0.0000000e+00
   2.0717173e+03   2.1942853e+03   2.0482953e+03   1.2056433e+02   0.0000000e+00
   2.0795071e+03   2.9426277e+03   2.0486135e+03   1.1643595e+03   0.0000000e+00
   2.2454452e+03   5.4197489e+02   2.2832882e+03   1.6603353e+03   0.0000000e+00
   2.2501824e+03   1.0174659e+03   2.2845993e+03   2.6933212e+03   0.0000000e+00
   2.2502209e+03   7.8246319e+02   2.2920792e+03   1.9198279e+03   0.0000000e+00
   2.2543550e+03   1.2428808e+03   2.2944951e+03   2.1713333e+03   0.0000000e+00
   2.2561217e+03   1.9406043e+03   2.2987614e+03   1.1604085e+03   0.0000000e+00
   2.2569122e+03   1.4843649e+03   2.2998316e+03   1.4240080e+03   0.0000000e+00
   2.2617051e+03   1.7249256e+03   2.2975806e+03   2.4464597e+03   0.0000000e+00
   2.2717278e+03   2.1814056e+03   2.3023101e+03   8.9697486e+02   0.0000000e+00
   2.2811635e+03   2.4171947e+03   2.3027917e+03   6.4988095e+02   0.0000000e+00
   2.2841262e+03   2.9123037e+03   2.3083199e+03   3.8753106e+02   0.0000000e+00
   2.4457839e+03   5.8058202e+02   2.3101923e+03   1.1709172e+02   0.0000000e+00
   2.4401667e+03   8.0361111e+02   2.5438103e+03   2.6860448e+03   0.0000000e+00
   2.4501804e+03   1.0399845e+03   2.5459737e+03   1.9241684e+03   0.0000000e+00
   2.4514298e+03   1.2612325e+03   2.5484211e+03   2.4537632e+03   0.0000000e+00
   2.4583305e+03   1.7221525e+03   2.5498812e+03   2.1642562e+03   0.0000000e+00
   2.4619357e+03   1.4993631e+03   2.5522528e+03   1.4176517e+03   0.0000000e+00
   2.4650902e+03   2.1786263e+03   2.5522421e+03   1.6602799e+03   0.0000000e+00
   2.4743482e+03   2.3971178e+03   2.5564817e+03   9.0158537e+02   0.0000000e+00
   2.4823482e+03   2.6639455e+03   2.5614102e+03   1.1678892e+03   0.0000000e+00
   2.4800577e+03   2.8754615e+03   2.5627483e+03   6.5172069e+02   0.0000000e+00
   2.6480957e+03   8.1262766e+02   2.5676824e+03   3.8461486e+02   0.0000000e+00
   2.6527148e+03   1.2612667e+03   2.5707054e+03   1.2241351e+02   0.0000000e+00
   2.6468125e+03   5.9287500e+02   2.7846884e+03   2.6901425e+03   0.0000000e+00
   2.6630791e+03   1.4898869e+03   2.8064054e+03   2.4528581e+03   0.0000000e+00
   2.6555426e+03   1.0485851e+03   2.8082124e+03   1.9267288e+03   0.0000000e+00
   2.6697763e+03   2.8611211e+03   2.8136818e+03   2.1743701e+03   0.0000000e+00
   2.6712107e+03   1.9441639e+03   2.8142432e+03   8.9336486e+02   0.0000000e+00
   2.6732488e+03   1.7194652e+03   2.8153122e+03   1.6677983e+03   0.0000000e+00
   2.6738345e+03   2.1747582e+03   2.8164382e+03   1.1528427e+03   0.0000000e+00
   2.6803187e+03   2.3933947e+03   2.8169755e+03   6.4365385e+02   0.0000000e+00
   2.6804447e+03   2.6446581e+03   2.8207426e+03   1.4128728e+03   0.0000000e+00
   3.1012342e+03   2.9717025e+03   2.8216111e+03   1.1253704e+02   0.0000000e+00
   3.1319203e+03   2.7136498e+03   2.8212800e+03   3.7356000e+02   0.0000000e+00
