   2.0066157e+02   1.2727293e+02
   2.1016953e+02   3.9429828e+02
   2.1982031e+02   9.2016406e+02
   2.1972026e+02   6.5775551e+02
   2.2769556e+02   1.1807089e+03
   2.3264978e+02   1.4349890e+03
   2.3390000e+02   2.2037390e+03
   2.3759945e+02   1.9424613e+03
   2.3933256e+02   2.4710023e+03
   2.4332564e+02   1.6970231e+03
   2.4786449e+02   2.7133458e+03
   4.5740187e+02   1.3045327e+02
   4.7166379e+02   3.8861207e+02
   4.7979817e+02   6.5333028e+02
   4.8051843e+02   9.1992396e+02
   4.8452752e+02   1.1701697e+03
   4.9229439e+02   1.4260561e+03
   4.9315385e+02   2.7072115e+03
   4.9721429e+02   1.6910905e+03
   5.0460938e+02   1.9400573e+03
   5.1158805e+02   2.4639277e+03
   5.1565942e+02   2.1950845e+03
   7.2731068e+02   1.3120388e+02
   7.3487209e+02   6.5061628e+02
   7.3656996e+02   3.8541770e+02
   7.4164056e+02   9.1492972e+02
   7.4753719e+02   1.1680455e+03
   7.5116094e+02   1.4296373e+03
   7.5786810e+02   2.7054202e+03
   7.6039302e+02   1.6923233e+03
   7.7074020e+02   2.2011716e+03
   7.6913158e+02   2.4603187e+03
   7.7079412e+02   1.9496176e+03
   9.8918599e+02   1.2461594e+02
   9.9787264e+02   6.4588208e+02
   1.0002062e+03   3.8151031e+02
   1.0008981e+03   8.9930556e+02
   1.0054732e+03   1.1641830e+03
   1.0113019e+03   1.4198671e+03
   1.0127882e+03   2.6967706e+03
   1.0248245e+03   1.6956755e+03
   1.0297579e+03   2.4532107e+03
   1.0377759e+03   2.1945394e+03
   1.0407667e+03   1.9455267e+03
   1.2632081e+03   1.2522249e+02
   1.2671029e+03   6.4027941e+02
   1.2681634e+03   9.0434390e+02
   1.2686503e+03   3.7548266e+02
   1.2730494e+03   2.6821605e+03
   1.2761154e+03   1.1666099e+03
   1.2793610e+03   1.4262085e+03
   1.2843768e+03   1.6892783e+03
   1.2903724e+03   1.9353367e+03
   1.2902317e+03   2.4453841e+03
   1.2977840e+03   2.1777249e+03
   1.5169946e+03   1.9295326e+03
   1.5174600e+03   1.3214000e+02
   1.5192833e+03   2.1760389e+03
   1.5208263e+03   3.8312105e+02
   1.5218295e+03   1.6766648e+03
   1.5218049e+03   2.4387561e+03
   1.5215455e+03   2.6818052e+03
   1.5310238e+03   9.0598095e+02
   1.5311872e+03   6.4489207e+02
   1.5350556e+03   1.4355819e+03
   1.5405248e+03   1.1685743e+03
   1.7663427e+03   1.9276404e+03
   1.7684321e+03   2.4369321e+03
   1.7693250e+03   2.6851687e+03
   1.7715625e+03   1.6782969e+03
   1.7729635e+03   2.1769479e+03
   1.7767935e+03   6.4863043e+02
   1.7790271e+03   9.0409606e+02
   1.7793267e+03   1.4327574e+03
   1.7791131e+03   1.1707010e+03
   1.7812312e+03   1.2472581e+02
   1.7829971e+03   3.8651734e+02
   2.0137557e+03   2.4399148e+03
   2.0239643e+03   2.1759226e+03
   2.0242113e+03   2.6887183e+03
   2.0373486e+03   1.6625865e+03
   2.0366099e+03   1.9265890e+03
   2.0399309e+03   6.5078177e+02
   2.0407791e+03   3.8920349e+02
   2.0438226e+03   9.0279032e+02
   2.0455699e+03   1.4248226e+03
   2.0482953e+03   1.2056433e+02
   2.0486135e+03   1.1643595e+03
   2.2832882e+03   1.6603353e+03
   2.2845993e+03   2.6933212e+03
   2.2920792e+03   1.9198279e+03
   2.2944951e+03   2.1713333e+03
   2.2987614e+03   1.1604085e+03
   2.2998316e+03   1.4240080e+03
   2.2975806e+03   2.4464597e+03
   2.3023101e+03   8.9697486e+02
   2.3027917e+03   6.4988095e+02
   2.3083199e+03   3.8753106e+02
   2.3101923e+03   1.1709172e+02
   2.5438103e+03   2.6860448e+03
   2.5459737e+03   1.9241684e+03
   2.5484211e+03   2.4537632e+03
   2.5498812e+03   2.1642562e+03
   2.5522528e+03   1.4176517e+03
   2.5522421e+03   1.6602799e+03
   2.5564817e+03   9.0158537e+02
   2.5614102e+03   1.1678892e+03
   2.5627483e+03   6.5172069e+02
   2.5676824e+03   3.8461486e+02
   2.5707054e+03   1.2241351e+02
   2.7846884e+03   2.6901425e+03
   2.8064054e+03   2.4528581e+03
   2.8082124e+03   1.9267288e+03
   2.8136818e+03   2.1743701e+03
   2.8142432e+03   8.9336486e+02
   2.8153122e+03   1.6677983e+03
   2.8164382e+03   1.1528427e+03
   2.8169755e+03   6.4365385e+02
   2.8207426e+03   1.4128728e+03
   2.8216111e+03   1.1253704e+02
   2.8212800e+03   3.7356000e+02
