   4.8523626e+02   1.0388681e+03   4.0132314e+03   2.5454586e+03   0.0000000e+00
   4.9462727e+02   1.2822394e+03   4.2033906e+03   7.8859656e+03   0.0000000e+00
   4.9926351e+02   1.7918514e+03   4.3964062e+03   1.8403281e+04   0.0000000e+00
   5.0085294e+02   1.5437868e+03   4.3944052e+03   1.3155110e+04   0.0000000e+00
   5.0290972e+02   2.0521528e+03   4.5539112e+03   2.3614178e+04   1.2000000e+01
   5.0589716e+02   2.3035000e+03   4.6529956e+03   2.8699780e+04   1.2000000e+01
   5.0933453e+02   2.5597518e+03   4.6780000e+03   4.4074780e+04   1.2000000e+01
   5.2092568e+02   1.5654054e+02   4.7519890e+03   3.8849226e+04   1.2000000e+01
   5.2893750e+02   3.9620833e+02   4.7866512e+03   4.9420046e+04   1.2000000e+01
   5.3769900e+02   8.7026119e+02   4.8665128e+03   3.3940462e+04   1.2000000e+01
   5.3642357e+02   6.3377389e+02   4.9572898e+03   5.4266916e+04   1.2000000e+01
   7.4391436e+02   1.0385055e+03   9.1480374e+03   2.6090654e+03   0.0000000e+00
   7.5377083e+02   1.6100694e+02   9.4332758e+03   7.7722414e+03   0.0000000e+00
   7.5789355e+02   1.2936355e+03   9.5959634e+03   1.3066606e+04   0.0000000e+00
   7.5614052e+02   2.0547549e+03   9.6103686e+03   1.8398479e+04   0.0000000e+00
   7.5755036e+02   2.5615072e+03   9.6905504e+03   2.3403394e+04   1.2000000e+01
   7.5650719e+02   1.5420971e+03   9.8458878e+03   2.8521122e+04   1.2000000e+01
   7.5750000e+02   1.8010357e+03   9.8630770e+03   5.4144230e+04   1.2000000e+01
   7.6083533e+02   2.3058054e+03   9.9442858e+03   3.3821810e+04   1.2000000e+01
   7.6859942e+02   3.9242982e+02   1.0092188e+04   3.8801146e+04   1.2000000e+01
   7.7140341e+02   8.6868182e+02   1.0231761e+04   4.9278554e+04   1.2000000e+01
   7.7200318e+02   6.2894586e+02   1.0313188e+04   4.3901690e+04   1.2000000e+01
   9.9679268e+02   1.0295000e+03   1.4546214e+04   2.6240776e+03   0.0000000e+00
   9.9963376e+02   1.6386943e+02   1.4697442e+04   1.3012326e+04   0.0000000e+00
   1.0044371e+03   6.2719143e+02   1.4731399e+04   7.7083540e+03   0.0000000e+00
   1.0097048e+03   3.9059639e+02   1.4832811e+04   1.8298594e+04   0.0000000e+00
   1.0099857e+03   1.2820886e+03   1.4950744e+04   2.3360910e+04   1.2000000e+01
   1.0089906e+03   1.5427830e+03   1.5023219e+04   2.8592746e+04   1.2000000e+01
   1.0123402e+03   8.6437113e+02   1.5157362e+04   5.4108404e+04   1.2000000e+01
   1.0128226e+03   1.8052484e+03   1.5207860e+04   3.3846466e+04   1.2000000e+01
   1.0159236e+03   2.3067500e+03   1.5414804e+04   4.4023432e+04   1.2000000e+01
   1.0168741e+03   2.5588537e+03   1.5382632e+04   4.9206374e+04   1.2000000e+01
   1.0228219e+03   2.0487603e+03   1.5415882e+04   3.8992352e+04   1.2000000e+01
   1.2366429e+03   1.5960000e+02   1.9783720e+04   2.4923188e+03   0.0000000e+00
   1.2448333e+03   6.2388994e+02   1.9957453e+04   1.2917642e+04   0.0000000e+00
   1.2468642e+03   3.8816667e+02   2.0004124e+04   7.6302062e+03   0.0000000e+00
   1.2480706e+03   8.5155294e+02   2.0017962e+04   1.7986111e+04   0.0000000e+00
   1.2511378e+03   1.0209865e+03   2.0109464e+04   2.3283660e+04   1.2000000e+01
   1.2510828e+03   1.2816043e+03   2.0226038e+04   2.8397342e+04   1.2000000e+01
   1.2575400e+03   1.5381067e+03   2.0255764e+04   5.3935412e+04   1.2000000e+01
   1.2628025e+03   1.8020988e+03   2.0496490e+04   3.3913510e+04   1.2000000e+01
   1.2639150e+03   2.0506088e+03   2.0595158e+04   4.9064214e+04   1.2000000e+01
   1.2665263e+03   2.5512105e+03   2.0755518e+04   4.3890788e+04   1.2000000e+01
   1.2720893e+03   2.3008631e+03   2.0815334e+04   3.8910534e+04   1.2000000e+01
   1.4830944e+03   1.6149301e+02   2.5264162e+04   2.5044498e+03   0.0000000e+00
   1.4884333e+03   3.8382000e+02   2.5342058e+04   1.2805588e+04   0.0000000e+00
   1.4886563e+03   6.1987500e+02   2.5363268e+04   1.8086878e+04   0.0000000e+00
   1.4907831e+03   8.5645783e+02   2.5373006e+04   7.5096532e+03   0.0000000e+00
   1.5058390e+03   1.0192006e+03   2.5460988e+04   5.3643210e+04   1.2000000e+01
   1.5045949e+03   1.7974343e+03   2.5522308e+04   2.3332198e+04   1.2000000e+01
   1.5079638e+03   1.5424130e+03   2.5587220e+04   2.8524170e+04   1.2000000e+01
   1.5130280e+03   2.3006615e+03   2.5687536e+04   3.3785566e+04   1.2000000e+01
   1.5146097e+03   1.2864871e+03   2.5807448e+04   3.8706734e+04   1.2000000e+01
   1.5168333e+03   2.0447741e+03   2.5804634e+04   4.8907682e+04   1.2000000e+01
   1.5210298e+03   2.5519762e+03   2.5955680e+04   4.3554498e+04   1.2000000e+01
   1.7116250e+03   1.6804167e+02   3.0339892e+04   3.8590652e+04   0.0000000e+00
   1.7160223e+03   3.9048726e+02   3.0349200e+04   2.6428000e+03   0.0000000e+00
   1.7182815e+03   1.7856060e+03   3.0385666e+04   4.3520778e+04   0.0000000e+00
   1.7218462e+03   1.5538141e+03   3.0416526e+04   7.6624210e+03   0.0000000e+00
   1.7215265e+03   2.0129305e+03   3.0436590e+04   3.3533296e+04   0.0000000e+00
   1.7244565e+03   2.2555261e+03   3.0436098e+04   4.8775122e+04   0.0000000e+00
   1.7264556e+03   6.2480556e+02   3.0430910e+04   5.3636104e+04   0.0000000e+00
   1.7259228e+03   2.4792724e+03   3.0620476e+04   1.8119619e+04   0.0000000e+00
   1.7290680e+03   8.5778402e+02   3.0623744e+04   1.2897841e+04   0.0000000e+00
   1.7335270e+03   1.3337230e+03   3.0701112e+04   2.8711638e+04   0.0000000e+00
   1.7384483e+03   1.0933678e+03   3.0810496e+04   2.3371486e+04   0.0000000e+00
   1.9480490e+03   6.2824510e+02   3.5326854e+04   3.8552808e+04   0.0000000e+00
   1.9477168e+03   1.7817308e+03   3.5368642e+04   4.8738642e+04   0.0000000e+00
   1.9482080e+03   1.6226642e+02   3.5386500e+04   5.3703374e+04   0.0000000e+00
   1.9511541e+03   1.5531415e+03   3.5431250e+04   3.3565938e+04   0.0000000e+00
   1.9515915e+03   3.9440141e+02   3.5459270e+04   4.3538958e+04   0.0000000e+00
   1.9522024e+03   8.5612500e+02   3.5535870e+04   1.2972609e+04   0.0000000e+00
   1.9522422e+03   2.2517813e+03   3.5580542e+04   1.8081921e+04   0.0000000e+00
   1.9547209e+03   1.0948547e+03   3.5586534e+04   2.8655148e+04   0.0000000e+00
   1.9553859e+03   2.0115134e+03   3.5582262e+04   2.3414020e+04   0.0000000e+00
   1.9548802e+03   2.4812769e+03   3.5624624e+04   2.4945162e+03   0.0000000e+00
   1.9575000e+03   1.3300000e+03   3.5659942e+04   7.7303468e+03   0.0000000e+00
   2.1788592e+03   2.2515352e+03   4.0275114e+04   4.8798296e+04   0.0000000e+00
   2.1832612e+03   3.9700746e+02   4.0479286e+04   4.3518452e+04   0.0000000e+00
   2.1847292e+03   6.3030556e+02   4.0484226e+04   5.3774366e+04   0.0000000e+00
   2.1860102e+03   2.0077109e+03   4.0746972e+04   3.3251730e+04   0.0000000e+00
   2.1877238e+03   1.5996154e+02   4.0732198e+04   3.8531780e+04   0.0000000e+00
   2.1906678e+03   8.5534564e+02   4.0798618e+04   1.3015635e+04   0.0000000e+00
   2.1899653e+03   2.4818267e+03   4.0815582e+04   7.7840698e+03   0.0000000e+00
   2.1947795e+03   1.5374130e+03   4.0876452e+04   1.8055806e+04   0.0000000e+00
   2.1957901e+03   1.7787160e+03   4.0911398e+04   2.8496452e+04   0.0000000e+00
   2.1980157e+03   1.0889214e+03   4.0965906e+04   2.4112866e+03   0.0000000e+00
   2.1986235e+03   1.3221111e+03   4.0972270e+04   2.3287190e+04   0.0000000e+00
   2.4148688e+03   1.5360390e+03   4.5665764e+04   3.3206706e+04   0.0000000e+00
   2.4205979e+03   6.2926923e+02   4.5691986e+04   5.3866424e+04   0.0000000e+00
   2.4224444e+03   8.5071528e+02   4.5841584e+04   3.8396558e+04   0.0000000e+00
   2.4222143e+03   1.0865226e+03   4.5889902e+04   4.3426666e+04   0.0000000e+00
   2.4223908e+03   1.5618908e+02   4.5975228e+04   2.3208170e+04   0.0000000e+00
   2.4234365e+03   3.9570635e+02   4.5996632e+04   2.8480160e+04   0.0000000e+00
   2.4269294e+03   1.3227945e+03   4.5951612e+04   4.8929194e+04   0.0000000e+00
   2.4270298e+03   1.7717715e+03   4.6046202e+04   1.7939497e+04   0.0000000e+00
   2.4288390e+03   2.4842203e+03   4.6055834e+04   1.2997619e+04   0.0000000e+00
   2.4331901e+03   2.0018626e+03   4.6166398e+04   7.7506212e+03   0.0000000e+00
   2.4374639e+03   2.2554157e+03   4.6203846e+04   2.3418344e+03   0.0000000e+00
   2.6495938e+03   8.5556250e+02   5.0876206e+04   5.3720896e+04   0.0000000e+00
   2.6518377e+03   1.3175464e+03   5.0919474e+04   3.8483368e+04   0.0000000e+00
   2.6529188e+03   6.3268803e+02   5.0968422e+04   4.9075264e+04   0.0000000e+00
   2.6546522e+03   1.6226087e+02   5.0997624e+04   4.3285124e+04   0.0000000e+00
   2.6541609e+03   3.9483913e+02   5.1045056e+04   2.8353034e+04   0.0000000e+00
   2.6557604e+03   1.7753994e+03   5.1044842e+04   3.3205598e+04   0.0000000e+00
   2.6559755e+03   1.5361713e+03   5.1129634e+04   1.8031707e+04   0.0000000e+00
   2.6568858e+03   1.0942087e+03   5.1228204e+04   2.3357784e+04   0.0000000e+00
   2.6629097e+03   1.9945278e+03   5.1254966e+04   1.3034414e+04   0.0000000e+00
   2.6661593e+03   2.4758259e+03   5.1353648e+04   7.6922972e+03   0.0000000e+00
   2.6673731e+03   2.2605896e+03   5.1414108e+04   2.4482702e+03   0.0000000e+00
   2.8787044e+03   1.5266788e+02   5.5693768e+04   5.3802850e+04   0.0000000e+00
   2.8817549e+03   6.2369608e+02   5.6128108e+04   4.9057162e+04   0.0000000e+00
   2.8821040e+03   3.8363861e+02   5.6164248e+04   3.8534576e+04   0.0000000e+00
   2.8827397e+03   8.4591322e+02   5.6273636e+04   4.3487402e+04   0.0000000e+00
   2.8882034e+03   1.0785345e+03   5.6284864e+04   1.7867297e+04   0.0000000e+00
   2.8903038e+03   2.4791835e+03   5.6306244e+04   3.3355966e+04   0.0000000e+00
   2.8952103e+03   1.5415207e+03   5.6328764e+04   2.3056854e+04   0.0000000e+00
   2.8948333e+03   1.7768037e+03   5.6339510e+04   1.2873077e+04   0.0000000e+00
   2.8959706e+03   1.3124244e+03   5.6414852e+04   2.8257456e+04   0.0000000e+00
   2.9050917e+03   2.0025750e+03   5.6432222e+04   2.2507408e+03   0.0000000e+00
   2.9046322e+03   2.2591942e+03   5.6425600e+04   7.4712000e+03   0.0000000e+00
