   1.2514908e+02   1.2841332e+03
   1.4056525e+02   1.6193375e+03
   1.5981880e+02   1.9794033e+03
   1.5758078e+02   1.0250323e+02
   1.6711538e+02   4.1827538e+02
   1.6774924e+02   2.3221360e+03
   1.7528761e+02   1.0435015e+03
   1.7514715e+02   7.3060324e+02
   1.8803106e+02   2.6827314e+03
   2.0312018e+02   3.0338783e+03
   2.2909578e+02   3.3999887e+03
   4.7881754e+02   1.7147018e+02
   4.9412074e+02   1.3051944e+03
   4.9530349e+02   4.6778843e+02
   5.0129099e+02   7.6912162e+02
   5.0048258e+02   1.0757352e+03
   5.1654348e+02   1.6405870e+03
   5.2334769e+02   1.9682554e+03
   5.3458333e+02   2.3102280e+03
   5.4300633e+02   2.6488323e+03
   5.6525112e+02   2.9863636e+03
   5.8329019e+02   3.3338926e+03
   7.9417712e+02   2.4065867e+02
   8.0070446e+02   8.0945911e+02
   8.0511130e+02   5.2050342e+02
   8.1039643e+02   1.1030891e+03
   8.3336130e+02   1.3144795e+03
   8.5003292e+02   1.6316567e+03
   8.5697164e+02   1.9591791e+03
   8.6990301e+02   2.2902368e+03
   8.9258591e+02   2.6025670e+03
   9.0039739e+02   2.9399174e+03
   9.2063118e+02   3.2660342e+03
   1.0781686e+03   2.9573529e+02
   1.0881450e+03   8.4622305e+02
   1.0884597e+03   5.6790499e+02
   1.0946345e+03   1.1194220e+03
   1.1437408e+03   1.3245808e+03
   1.1476192e+03   1.6366695e+03
   1.1617936e+03   1.9442443e+03
   1.1769644e+03   2.2645750e+03
   1.1887450e+03   2.5707523e+03
   1.2118183e+03   2.8853507e+03
   1.2244290e+03   3.2001168e+03
   1.3527025e+03   3.5691545e+02
   1.3583669e+03   6.1105094e+02
   1.3608679e+03   8.8102439e+02
   1.3669098e+03   1.1561414e+03
   1.4302344e+03   1.3413736e+03
   1.4430206e+03   1.9419815e+03
   1.4457213e+03   1.6478862e+03
   1.4492500e+03   2.2400021e+03
   1.4775186e+03   2.5335847e+03
   1.4886171e+03   2.8440317e+03
   1.5127186e+03   3.1463928e+03
   1.5913191e+03   4.1409149e+02
   1.5951335e+03   6.6046398e+02
   1.6086957e+03   9.2312209e+02
   1.6145140e+03   1.1851846e+03
   1.6196153e+03   1.9546880e+03
   1.6203101e+03   2.2139691e+03
   1.6264700e+03   2.4722529e+03
   1.6279792e+03   1.4490875e+03
   1.6279715e+03   1.7127035e+03
   1.6336230e+03   2.7512186e+03
   1.6370087e+03   3.0114506e+03
   1.8206704e+03   4.5923318e+02
   1.8247426e+03   7.0573799e+02
   1.8243265e+03   9.5618193e+02
   1.8317177e+03   1.2070351e+03
   1.8360601e+03   1.4672236e+03
   1.8425692e+03   1.7193449e+03
   1.8423866e+03   1.9557972e+03
   1.8451782e+03   2.2031702e+03
   1.8580804e+03   2.4549509e+03
   1.8584744e+03   2.7216905e+03
   1.8662756e+03   2.9788707e+03
   2.0381457e+03   5.0446325e+02
   2.0384542e+03   7.4628706e+02
   2.0429891e+03   9.8961685e+02
   2.0501970e+03   1.2278085e+03
   2.0581890e+03   1.4749360e+03
   2.0606628e+03   1.7180050e+03
   2.0628392e+03   1.9423317e+03
   2.0672636e+03   2.6976273e+03
   2.0697248e+03   2.4376034e+03
   2.0717173e+03   2.1942853e+03
   2.0795071e+03   2.9426277e+03
   2.2454452e+03   5.4197489e+02
   2.2501824e+03   1.0174659e+03
   2.2502209e+03   7.8246319e+02
   2.2543550e+03   1.2428808e+03
   2.2561217e+03   1.9406043e+03
   2.2569122e+03   1.4843649e+03
   2.2617051e+03   1.7249256e+03
   2.2717278e+03   2.1814056e+03
   2.2811635e+03   2.4171947e+03
   2.2841262e+03   2.9123037e+03
   2.4457839e+03   5.8058202e+02
   2.4401667e+03   8.0361111e+02
   2.4501804e+03   1.0399845e+03
   2.4514298e+03   1.2612325e+03
   2.4583305e+03   1.7221525e+03
   2.4619357e+03   1.4993631e+03
   2.4650902e+03   2.1786263e+03
   2.4743482e+03   2.3971178e+03
   2.4823482e+03   2.6639455e+03
   2.4800577e+03   2.8754615e+03
   2.6480957e+03   8.1262766e+02
   2.6527148e+03   1.2612667e+03
   2.6468125e+03   5.9287500e+02
   2.6630791e+03   1.4898869e+03
   2.6555426e+03   1.0485851e+03
   2.6697763e+03   2.8611211e+03
   2.6712107e+03   1.9441639e+03
   2.6732488e+03   1.7194652e+03
   2.6738345e+03   2.1747582e+03
   2.6803187e+03   2.3933947e+03
   2.6804447e+03   2.6446581e+03
   3.1012342e+03   2.9717025e+03
   3.1319203e+03   2.7136498e+03
   3.1508604e+03   2.4600541e+03
   3.1701280e+03   2.1997744e+03
   3.1870994e+03   1.9519236e+03
   3.1920058e+03   1.4516401e+03
   3.1951503e+03   1.6923200e+03
   3.3044630e+03   3.0164321e+03
   3.3330136e+03   2.7530136e+03
   3.3342667e+03   1.2840685e+03
   3.3461965e+03   1.0524501e+03
   3.3528747e+03   8.2367241e+02
   3.3544660e+03   2.4898586e+03
   3.3560764e+03   5.9365625e+02
   3.3737116e+03   2.2277651e+03
   3.3909783e+03   1.9608632e+03
   3.3998508e+03   1.4473311e+03
   3.4065769e+03   1.7070747e+03
   3.5279471e+03   1.2696620e+03
   3.5296908e+03   3.0604160e+03
   3.5393294e+03   1.0263483e+03
   3.5459409e+03   5.6159904e+02
   3.5470144e+03   7.9017901e+02
   3.5517032e+03   2.7918556e+03
   3.5820414e+03   2.5126454e+03
   3.5923384e+03   2.2496253e+03
   3.6074890e+03   1.9712042e+03
   3.6177402e+03   1.4338603e+03
   3.6210809e+03   1.6972407e+03
   3.7349075e+03   1.2516660e+03
   3.7383629e+03   1.0025135e+03
   3.7535808e+03   7.5748654e+02
   3.7530308e+03   5.2507346e+02
   3.7580026e+03   3.1025794e+03
   3.7882576e+03   2.8250071e+03
   3.8033024e+03   2.5410951e+03
   3.8224205e+03   2.2648311e+03
   3.8367665e+03   1.9755182e+03
   3.8404793e+03   1.6990530e+03
   3.8485132e+03   1.4207949e+03
   3.9506349e+03   1.2233822e+03
   3.9572586e+03   9.7642672e+02
   3.9673884e+03   4.8146280e+02
   3.9690436e+03   7.2414108e+02
   4.0079363e+03   3.1545392e+03
   4.0209962e+03   2.8644113e+03
   4.0488348e+03   2.5663849e+03
   4.0589947e+03   2.2788242e+03
   4.0793531e+03   1.9917918e+03
   4.0952471e+03   1.4150266e+03
   4.0953978e+03   1.7080435e+03
   4.1857597e+03   1.2138562e+03
   4.1936026e+03   9.4812393e+02
   4.2033707e+03   6.8623243e+02
   4.2053910e+03   4.4236019e+02
   4.3534828e+03   3.0764187e+03
   4.3650136e+03   2.8101946e+03
   4.3725734e+03   2.5216771e+03
   4.3794527e+03   2.2557344e+03
   4.3936825e+03   1.9899647e+03
   4.4146705e+03   1.7409809e+03
   4.4306485e+03   1.1978546e+03
   4.4296331e+03   1.4685927e+03
   4.4386332e+03   6.6048943e+02
   4.4400000e+03   9.2743307e+02
   4.4405678e+03   4.0919249e+02
   4.6066101e+03   3.1215803e+03
   4.6148824e+03   2.8398626e+03
   4.6283457e+03   2.5462949e+03
   4.6288097e+03   2.2684656e+03
   4.6414365e+03   1.9978566e+03
   4.6572063e+03   1.7378042e+03
   4.6651021e+03   1.4617188e+03
   4.6749468e+03   1.1775438e+03
   4.6833901e+03   9.0451057e+02
   4.6967857e+03   6.2918433e+02
   4.6999658e+03   3.6013355e+02
   4.8772699e+03   2.8765965e+03
   4.8814552e+03   3.1676258e+03
   4.8951755e+03   2.5712163e+03
   4.9145077e+03   2.2854305e+03
   4.9223094e+03   1.9890776e+03
   4.9372655e+03   1.7268447e+03
   4.9489936e+03   1.4414809e+03
   4.9531345e+03   1.1529843e+03
   4.9590011e+03   8.7656150e+02
   4.9669510e+03   5.9522893e+02
   4.9804955e+03   3.1030135e+02
   5.1814868e+03   3.2209482e+03
   5.2005637e+03   1.9941982e+03
   5.2042867e+03   2.9251942e+03
   5.2070973e+03   2.2964514e+03
   5.2072201e+03   2.5952113e+03
   5.2246344e+03   1.7237495e+03
   5.2301651e+03   1.4230482e+03
   5.2432416e+03   1.1219055e+03
   5.2500453e+03   8.4324569e+02
   5.2632133e+03   5.5021560e+02
   5.2712811e+03   2.5100249e+02
   5.5044046e+03   3.2671148e+03
   5.5142065e+03   2.9763374e+03
   5.5210756e+03   2.3220883e+03
   5.5219730e+03   2.6175135e+03
   5.5318037e+03   2.0011364e+03
   5.5347004e+03   1.7093357e+03
   5.5481121e+03   1.0960939e+03
   5.5505355e+03   1.4113935e+03
   5.5594668e+03   8.0361283e+02
   5.5703761e+03   4.9150885e+02
   5.5804059e+03   1.8792157e+02
   5.8290393e+03   3.3367628e+03
   5.8572281e+03   3.0291667e+03
   5.8646936e+03   2.3479737e+03
   5.8675926e+03   2.6682641e+03
   5.8760913e+03   2.0161661e+03
   5.8850927e+03   1.0411593e+03
   5.8854504e+03   1.3646088e+03
   5.8872633e+03   1.6922311e+03
   5.8911879e+03   7.3239264e+02
   5.8997093e+03   4.0121899e+02
   5.9009335e+03   8.9320565e+01
